6118000061106  ASPEGIC_ENF  200.000000  340.000000  4 
6118001182657  AMIKLIN  230.000000  280.000000  2 
6118000180043  AMODEX  222.000000  234.000000  45 
6118000030102  AXIMYCINE  33.000000  44.000000  7 
6118000160038  AMOXIL  44.000000  66.000000  11 
6118000031161  AXIMYCINE  122.000000  255.000000  37 
6118000161059  CLAMOXYL  44.000000  50.000000  23 
6118000160359  CLAMOXYL  66.000000  88.000000  99 
6118000071136  DIPICOR  123.000000  140.000000  100 
6118000061243  EXACYL  10.000000  12.000000  50 
6118001200818  FUCITHALMIC  140.000000  160.000000  55 
6118000060154  GLUCOR  200.000000  230.000000  20 
6118000070573  LISASPIN  140.000000  230.000000  20 
6118000161189  PENAMOX  23.000000  44.000000  4 
6118000160724  PENAMOX  210.000000  230.000000  30 
6118000241324  REVOCIR  100.000000  115.000000  10 
6118000060857  SURGAM  20.000000  25.000000  10 
6118001081288  XATRAL  222.000000  250.000000  2 
6118000022251  ZYLORIC  30.000000  33.000000  1 
6118001141357  ZENTEL  340.339996  365.000000  11 
